1    18b30    
2    180c0    
3    18b40    
4    18048    
5    18ae8    
6    18300    
7    18db0    
10   17b98    
15   18618    
20   17e08    
22   17e10    
23   188c8    
25   18868    
26   17da0    
27   188b8    
28   17d98    
30   18b78    
33   180d8    
38   18af8    
43   18390    
44   18e58    
45   18368    
47   182d0    
48   18d90    
50   185f0    
56   18648    
57   17b68    
58   185c8    
61   17f48    
62   189e0    
67   17f08    
70   18200    
71   18c90    
73   18c60    
75   18c70    
76   181d8    
77   18bf8    
81   18fa8    
84   184c8    
87   18f28    
92   17ce0    
95   18730    
96   17c58    
97   18710    
101  18820    
102  17d58    
108  17c98    
109  18758    
111  189d0    
112  17f30    
113  189c8    
114  17f18    
115  18998    
117  18970    
120  18d20    
124  18c48    
126  18c20    
129  181b0    
132  18f70    
133  184a8    
134  18f50    
139  184e8    
141  17c80    
142  18750    
144  18740    
145  17cf8    
147  17cc8    
149  17d10    
152  189b0    
153  17f10    
154  18988    
155  17ef8    
157  17ed8    
158  18a10    
159  17f70    
160  181f0    
163  18c18    
164  181c8    
167  18cc0    
169  18ca0    
171  18fc0    
173  18fb0    
175  17a40    
176  18538    
179  18f40    
180  17c70    
182  17cf0    
183  18798    
185  18780    
186  17d18    
189  187b0    
199  18a38    
200  17b30    
201  18620    
203  18608    
206  17a90    
208  17a78    
212  18df0    
218  18d10    
220  18088    
221  18b10    
222  18060    
224  17fc8    
226  17fb8    
230  17de8    
234  17d50    
235  18800    
238  17d30    
239  18848    
240  18600    
242  18588    
244  18578    
248  18558    
249  17a60    
254  18268    
257  18d58    
259  18d30    
260  18a70    
261  17fb0    
262  18a60    
265  18008    
269  18038    
271  17d60    
272  18810    
273  17d48    
278  18840    
280  17a80    
283  18570    
284  17a70    
285  18550    
286  17a58    
287  185b0    
290  18d08    
291  182c0    
293  182a8    
299  18260    
300  17bc0    
304  17bd8    
307  18610    
311  17e80    
313  17e78    
315  17de0    
317  17dd8    
318  188a8    
320  18168    
321  18b98    
326  18058    
328  18050    
329  18ae0    
330  18ec0    
331  18430    
332  18ea8    
333  18410    
334  18dd8    
337  18328    
338  18dd0    
339  18320    
340  186c0    
351  18920    
355  188b0    
360  18af0    
366  18b28    
367  18098    
368  18b08    
369  18080    
374  18318    
375  18e10    
377  18df8    
380  17b38    
391  17dd0    
396  188a0    
403  18500    
406  18f98    
407  183f8    
408  18ea0    
409  183e8    
411  18c58    
412  18208    
413  18ca8    
415  18c80    
416  18140    
418  18138    
421  17f50    
424  189e8    
427  17e70    
429  17e50    
430  17cd8    
432  17cb0    
433  186b0    
437  186a0    
439  18698    
440  184f8    
443  18f90    
446  183e0    
448  183d8    
450  18c78    
451  18148    
457  18108    
460  17f40    
461  189f0    
466  17e58    
467  18918    
469  18910    
470  186a8    
473  17bc8    
480  18e98    
482  18e90    
489  18470    
492  18130    
497  18b88    
498  18180    
499  18ba8    
501  18580    
502  17a68    
505  185a0    
508  18f80    
509  184d8    
511  17d40    
512  18808    
513  17d70    
518  18770    
519  17ca0    
520  18a68    
523  17ff0    
527  17f28    
528  189b8    
529  17f20    
531  18d38    
532  182b0    
533  18d18    
534  18280    
537  18c40    
538  181e0    
539  18c28    
541  17a88    
543  18f88    
545  18f78    
546  184c0    
548  184b0    
550  17d68    
551  18828    
556  17ca8    
557  18768    
558  17c90    
561  189d8    
562  17f38    
563  189c0    
566  17f00    
567  18978    
568  17ee0    
569  18a28    
571  18288    
572  18c68    
573  181f8    
574  18c50    
575  181e8    
576  18c30    
577  181d0    
581  184b8    
583  184a0    
584  18f58    
590  18760    
591  17c88    
597  17cc0    
598  18778    
601  184e0    
606  17a30    
607  18528    
609  187d8    
613  18cd0    
620  17f78    
621  18a00    
624  17f98    
628  18230    
629  18ce8    
630  18790    
631  17d00    
632  187a8    
634  187b8    
635  17f90    
636  18a48    
637  17f80    
639  17f60    
641  17a38    
642  18520    
646  187c0    
648  187a0    
650  18cc8    
651  18220    
657  18530    
659  18510    
660  18a30    
661  18250    
662  18cf8    
663  18238    
674  17f88    
676  17f68    
677  18a08    
680  17d38    
683  187e0    
684  17d28    
685  187e8    
687  184f0    
688  18fc8    
692  18548    
697  18cb0    
698  18218    
699  18ce0    
701  185a8    
704  17ab8    
706  17ae0    
707  18878    
709  18858    
710  18830    
711  17d80    
712  18850    
716  18aa8    
717  18030    
718  18a98    
719  18018    
720  17fe0    
726  182f8    
728  182e0    
729  18d48    
738  17ad8    
739  18590    
741  17ac0    
744  18870    
748  18838    
751  18ab0    
753  18aa0    
754  18010    
756  18000    
757  18a78    
758  17fd8    
760  18ac0    
761  18028    
762  18d88    
764  18d70    
766  18d40    
769  18290    
771  17b20    
772  185d8    
775  17b00    
776  18298    
777  18d28    
779  18d50    
782  17da8    
783  18898    
785  18598    
786  17a98    
787  185b8    
788  17ab0    
794  18ad0    
796  18ad8    
797  18040    
799  17d78    
800  18e00    
801  18330    
805  18378    
807  18668    
808  17b60    
811  18b48    
814  180b8    
816  183a0    
817  18e20    
822  188d8    
823  180d0    
825  180a8    
827  18090    
828  18b20    
829  18068    
834  17e00    
841  17b80    
842  18670    
847  17b50    
849  17af8    
850  18b58    
851  180b0    
852  18e30    
853  18398    
854  18e28    
855  18388    
856  18e08    
857  18350    
860  18120    
862  180f0    
864  180f8    
865  18b80    
866  17df0    
870  18908    
871  17e20    
872  188f0    
873  17e28    
876  18628    
877  17b58    
884  17ba8    
885  18678    
891  18e88    
892  183c0    
893  18e68    
894  183a8    
896  183b0    
897  18b00    
898  18070    
900  18eb8    
901  18440    
902  18ed0    
903  18458    
906  17c48    
908  17c40    
919  18928    
920  18938    
921  17e98    
924  18bd8    
925  18198    
927  18190    
929  18178    
930  18bc0    
932  18f18    
933  18450    
936  18ee8    
943  17c50    
944  18700    
945  17c38    
946  186e8    
947  17c10    
949  17be0    
950  18990    
952  18960    
953  17ec0    
954  18968    
956  186e0    
960  181b8    
961  18be0    
963  18be8    
969  18948    
970  18490    
971  18f48    
974  18488    
977  18f30    
981  18748    
983  18728    
985  18738    
986  17c60    
988  18eb0    
989  18438    
990  17ed0    
993  186f0    
995  18708    
999  18958    
1001 185e0    
1004 17b08    
1007 185d0    
1008 17aa8    
1011 17dc0    
1012 18890    
1013 17dc8    
1015 17db8    
1016 18880    
1019 17d88    
1021 18a90    
1023 18ab8    
1026 17fe8    
1027 18a80    
1032 18d68    
1034 18d80    
1035 182e8    
1040 18568    
1045 17ac8    
1049 17eb0    
1051 187f8    
1055 18bb0    
1056 18150    
1059 18bc8    
1063 18020    
1064 18ac8    
1067 17ff8    
1068 18ee0    
1069 18408    
1071 18d78    
1072 182d8    
1073 18da0    
1074 182a0    
1082 17e18    
1084 17e60    
1085 18900    
1090 187d0    
1093 180e0    
1095 18128    
1097 18118    
1098 18c00    
1099 18188    
1101 183d0    
1103 183b8    
1105 18380    
1106 18e48    
1107 18340    
1110 181c0    
1111 18c10    
1114 18078    
1115 18b18    
1116 18508    
1117 18fa0    
1120 18980    
1121 17ef0    
1125 18228    
1126 18c88    
1128 18cf0    
1129 18248    
1132 17b70    
1133 18658    
1134 17b78    
1136 17b48    
1137 18640    
1140 184d0    
1142 18370    
1143 18e38    
1144 18338    
1147 17ce8    
1148 18788    
1149 17cd0    
1151 185e8    
1152 17af0    
1156 17b18    
1160 17ec8    
1163 18da8    
1165 18dc8    
1166 18308    
1167 18db8    
1169 18cd8    
1175 17f58    
1176 18a50    
1179 17fa8    
1180 18f60    
1182 18f20    
1184 17db0    
1185 18888    
1186 17cb8    
1188 17d08    
1189 187c8    
1191 17b28    
1192 185f8    
1193 17b10    
1194 18630    
1198 18680    
1200 18f68    
1202 18f38    
1203 18468    
1204 18f08    
1206 18ec8    
1208 18ef0    
1211 17c78    
1212 186f8    
1213 17c68    
1215 17c28    
1217 17bf0    
1218 186d0    
1219 17c18    
1221 17e48    
1225 17e90    
1226 18d60    
1229 182f0    
1230 18110    
1231 18b90    
1232 180e8    
1234 18170    
1235 17ad0    
1237 17aa0    
1239 17ae8    
1242 18460    
1243 18f00    
1246 18418    
1247 18ed8    
1250 17bd0    
1251 18718    
1253 18720    
1254 17be8    
1255 186c8    
1256 17c08    
1258 17fd0    
1259 18a88    
1260 17e30    
1263 18d00    
1264 18278    
1266 18270    
1268 182c8    
1269 18dc0    
1272 17a48    
1273 18540    
1276 17a50    
1279 185c0    
1280 18e60    
1282 18e78    
1283 187f0    
1284 17d20    
1285 18818    
1287 18860    
1291 17ba0    
1293 17bb0    
1300 18240    
1304 18258    
1306 18210    
1308 18650    
1309 17b40    
1310 18a58    
1312 18a40    
1313 17fa0    
1316 18a18    
1317 18360    
1318 18de0    
1321 180a0    
1324 18b68    
1326 18b50    
1331 18518    
1332 17df8    
1333 188c0    
1335 188e8    
1337 188d0    
1338 17e40    
1342 18cb8    
1345 18638    
1346 17b90    
1347 18660    
1348 17b88    
1351 189f8    
1353 18a20    
1354 18358    
1355 18de8    
1356 18348    
1359 18e40    
1360 180c8    
1361 18b60    
1362 18100    
1363 18b38    
1365 18b70    
1368 18160    
1370 188e0    
1373 17e68    
1374 188f8    
1377 17e88    
1379 17e38    
1380 18690    
1385 17bb8    
1386 186d8    
1388 18688    
1390 18e18    
1391 183c8    
1394 18e80    
1395 18428    
1396 18e70    
1398 18e50    
1399 183f0    
1400 18310    
1401 18d98    
1406 182b8    
1407 17c20    
1409 17c00    
1413 18930    
1414 17eb8    
1415 18950    
1418 17ea0    
1419 189a8    
1421 17d90    
1422 18bb8    
1423 18158    
1424 18ba0    
1426 18bd0    
1433 18ef8    
1434 18400    
1436 18478    
1437 18f10    
1445 186b8    
1446 17bf8    
1448 17c30    
1450 18940    
1451 17ea8    
1454 189a0    
1457 17ee8    
1461 18c08    
1463 18c38    
1464 181a0    
1467 18c98    
1468 181a8    
1469 18bf0    
1471 18448    
1473 18480    
1475 18498    
1476 18fb8